Bus  1
1539 1365 1665 2019 0962 1335 2529 1244 0505 0101 1428 0535 1503 1182 0830 2256 0777 1780 2643 1016 0086 0555 2593 1196 2795 1260 2615 1155 0053 
2529 2788 0962 0052 1151 2616 1257 1194 0554 0084 1017 1779 0778 2257 0831 1174 1504 0536 1427 0102 0506 1243 1334 2560 2020 1666 1364 1539 
Bus  10
0815 0525 1785 1101 2338 0802 2339 2478 0723 0721 2741 1745 1577 0090 1451 0604 1632 0028 1406 0826 1348 0488 0833 
0833 0489 1349 0825 1411 0025 1629 0608 1452 0089 1578 2790 1744 0722 0724 2479 1096 2338 0802 2339 1784 0527 0815 
Bus  100
0805 0040 1267 1953 2237 1043 2138 1735 1762 0550 0538 1722 1001 2142 2149 1506 2176 2600 0883 1978 2165 2480 2481 2107 1863 1615 6332 6333 
6333 2482 1613 1862 2100 2040 1597 2164 0887 2599 2177 1505 2148 2144 1000 1723 0537 0549 1761 1734 2139 1042 2236 1952 1266 0039 0805 
Bus  101
1328 1326 0382 2081 2101 0323 1114 1384 2519 1000 0699 0110 1042 2485 0404 2293 
2292 0405 2484 1043 0115 0700 1001 2143 6430 2079 1328 
Bus  102
0684 1706 0174 0191 2140 0211 0229 1219 2032 0569 0079 0637 2134 0314 1301 0270 0626 2380 1345 2329 1569 2191 0462 1343 2365 0315 0123 0602 1087 0822 2381 2509 2508 1606 1694 
1693 1609 2507 2321 2382 0821 1076 0603 0124 0317 2366 1342 0465 1574 1325 1344 2379 0623 0275 1306 0290 2135 0641 0080 0564 2031 1218 0230 0212 2141 0192 0175 1708 0682 
Bus  103
2705 0095 0900 0041 0773 0347 2049 0766 0480 2707 2709 2710 2712 2714 2716 2718 2720 
2720 2719 2717 2715 2713 2711 0829 2708 2706 0493 0765 2050 0346 0776 0042 2541 0094 2705 
Bus  107
0849 1849 2193 2119 1309 1828 1923 0346 0776 0042 2541 0098 0094 0875 0893 0278 1179 2044 0808 1590 1836 0264 0261 
0261 0267 1835 1591 0807 2043 1178 0276 0890 0882 0095 0900 0041 0773 0345 1922 1827 1310 2120 2192 1848 0849 
Bus  108
1637 2457 0744 0728 1764 2574 2578 0018 0221 0333 0330 0188 0675 2052 1200 0716 2399 2091 2166 0511 1781 1061 2364 2681 0030 0185 0198 0200 0654 0657 
0657 0651 0199 0186 0029 2306 2357 1060 1783 0512 2167 2093 1252 0715 1201 2051 0187 0334 0222 0019 0002 1901 1763 2674 0727 0745 2456 1637 
Bus  11
0052 0688 0149 0119 1847 1866 0471 1725 1857 1314 1311 1275 0382 2082 0803 2250 1051 1248 2099 0292 1934 0635 0565 0351 2029 1218 0230 0212 2141 0192 0175 1708 0682 
0684 1706 0174 0191 2140 0211 0229 1219 2030 0352 0566 0631 1931 0293 2098 1247 1050 2249 0804 2087 0385 1278 1316 1859 1728 0466 1867 1846 0118 0150 0687 0053 
Bus  111
0650 1164 2277 0021 2364 2681 1788 1716 1798 0653 2774 2776 1877 1173 0083 0683 1814 0070 2050 0346 0350 0390 0279 1464 1967 2685 1457 1459 0865 2623 2624 2649 2491 2373 0155 2753 1917 0168 0170 0246 0969 2471 0023 1400 0662 
0661 1401 0022 0968 0245 0169 0167 1919 0154 2754 2490 2648 2625 1374 0864 1458 1456 1966 1465 0277 0388 0346 0347 2049 0068 1813 0685 0082 1170 2383 2775 0200 0652 1799 1719 1789 2306 1782 0020 2272 1163 0649 
Bus  117
0057 1583 2407 1434 1600 1097 1649 1441 1355 1644 1687 1376 1756 0584 0770 0571 0702 2533 2265 0474 0854 2633 2635 2637 2639 2627 2531 0897 2537 2514 2535 1386 0794 1485 1161 0993 2683 0504 
0504 2684 0992 1162 1486 0795 1387 2534 2513 2536 0898 2530 2628 2640 2638 2636 2634 0855 0475 2264 0751 2532 0703 0570 0767 0585 1755 1375 1690 1645 1354 1440 1648 1098 1601 1435 1580 0056 
Bus  118
2772 1663 1444 0088 2185 2820 2816 0950 2262 0479 1768 0780 1521 1887 1160 1235 1774 1755 1375 1690 1645 1354 1440 1648 1098 1601 1435 1580 0056 
0057 1583 2407 1434 1600 1097 1649 1441 1355 1644 1687 1376 1756 1773 1236 1159 1888 1520 1522 0781 1769 0478 2263 0951 2817 2819 2184 0087 1445 1664 2771 2814 2773 2772 
Bus  119
2427 2180 0130 2182 1581 1434 1600 1097 1649 1441 1355 1644 1689 1561 1756 1773 2315 0183 1707 1235 1774 0584 0768 0987 
0987 0769 0585 1707 1235 1774 1755 1560 1688 1645 1354 1440 1648 1098 1601 1435 1579 0131 2181 2428 
Bus  12
2427 2180 0130 2182 1582 1812 1794 1092 0823 1341 2440 1649 0788 2695 1658 1212 1478 0953 1525 
1525 0954 1479 2512 1659 2694 0787 1648 2439 1338 0824 1093 1795 1811 1579 0131 2181 2428 
Tram 12
1113 1254 1329 2003 1276 2337 1308 1996 1908 0299 0386 1273 
1274 0387 0300 1909 1997 1307 2336 1277 2002 1332 1255 1113 
Bus  123
1011 2792 0865 0414 2300 2353 1818 0423 1608 1015 0614 1743 0761 2351 0492 1260 2615 1155 0053 
0052 1151 2616 1259 0494 2352 0764 1740 0617 1012 1607 0426 1816 2354 2304 0864 2791 1011 
Bus  14
2427 2180 0130 2182 1582 1812 1794 1092 0823 1341 2440 1649 0793 1437 2523 1145 2510 1142 1541 1232 2361 0714 0545 0544 1537 0940 0819 0820 0941 1538 1623 0112 1702 1640 0816 0525 1785 1101 0825 
0825 1411 0025 1629 0608 1452 0089 1578 1744 0722 0724 2479 1096 1784 0527 0814 1641 1701 0111 1622 6640 6641 0819 0820 6642 6643 0543 0548 0713 2360 1240 1542 1143 2511 1144 2522 1436 2441 0788 0787 1648 2439 1338 0824 1093 1795 1811 1579 0131 2181 2428 
Bus  150
1337 0449 1368 1220 1022 1082 1340 0785 1214 2687 1189 1772 0173 0171 0162 1815 1793 6241 2448 0133 0677 
2434 0132 2443 6240 1792 1817 0163 0172 2676 1771 1190 2686 1215 0784 1339 1081 1023 1221 1369 0450 1337 
Bus  18
0063 0862 1095 2733 1147 0920 1420 1654 2746 1262 1100 1206 0739 1359 1563 2363 1222 1038 
1038 1223 2362 1564 1358 0738 1205 1099 1263 2745 1655 1421 0921 1146 2732 1094 0863 6382 0063 
Bus  184
1006 2451 2452 2454 2455 2453 1463 2798 2474 0090 1455 0129 0184 2593 1196 1695 2327 1819 0073 1395 1289 2601 
1903 1700 1287 1394 0074 1820 2326 1696 1194 0554 0182 0128 1452 0091 2473 2797 1462 1006 
Bus  20
1546 1667 0979 0496 0696 2287 6166 2363 1222 1038 1223 2362 1565 2094 0508 1554 0560 0736 1203 1099 1263 2745 1655 1421 0921 1146 2732 1094 0863 2164 6281 2332 2311 1318 1311 1275 
1275 1278 1321 1312 2310 2333 1978 6575 0862 1095 2733 1147 0920 1420 1654 2746 1262 1100 1204 0737 0561 1555 0507 2095 1562 2363 1222 1038 1223 2362 1564 2286 2288 0695 0495 0978 1668 1546 
Bus  204
0600 6278 6279 6564 2730 0164 0016 0031 2134 0314 1301 0268 1736 0398 1807 1913 1287 2326 1194 0554 0373 2740 0159 2417 0178 0190 0226 1929 0612 
0611 1930 0225 0189 0176 0160 2739 0372 2593 1196 2327 1289 1914 1808 0401 1739 0275 1306 0290 2136 0032 0017 0165 2731 6275 6276 6277 2845 
Bus  21
1516 2341 1647 1366 1766 1559 2281 0482 1544 1990 1415 2387 0805 0040 1267 0710 1585 2356 0046 0884 6281 2332 2311 1318 1311 1275 1994 6220 
1333 2003 1278 1321 1312 2310 2333 0887 0045 2355 1584 0697 1268 0039 0806 2386 1412 1989 1543 0481 2282 1557 1765 1367 1646 2340 1516 
Bus  213
0670 2394 2392 2390 2388 1759 0009 0004 0944 2276 0170 0218 2319 0555 2593 1196 2327 1290 0440 1725 1857 1314 1275 1327 
1327 1326 1278 1316 1859 1724 0442 1287 2326 1194 2318 0217 2742 2273 0947 0003 0008 1760 2389 2391 2393 2395 0669 
Bus  22
0258 2737 2188 2345 2415 1680 1766 1559 2281 0482 1544 1990 1415 2387 0805 0040 1267 0710 1585 2356 0046 0884 6281 2332 2311 1318 1311 1275 1994 6220 
1333 2003 1278 1321 1312 2310 2333 0887 0045 2355 1584 0697 1268 0039 0806 2386 1412 1989 1543 0481 2282 1557 1765 1679 2416 2344 2183 2738 0258 
Bus  23
2460 1408 2750 0799 0846 2028 1627 0828 1125 0100 1766 1559 2281 0482 1544 1990 1415 2387 0805 0040 1267 0710 1585 2356 0046 0884 0062 
0062 0887 0045 2355 1584 0697 1268 0039 0806 2386 1412 1989 1543 0481 2282 1557 1765 0099 1124 0827 1626 2027 0841 0798 2749 2460 
Bus  26
1124 0827 1626 2027 0841 0798 2751 1407 0459 1832 1851 0925 0955 0856 0528 0904 2151 2621 2632 2619 1549 1671 2630 1186 0905 1683 2666 0939 1633 2457 0744 0728 2664 0542 2662 2808 1884 2004 6214 6216 0187 6215 2280 2659 0678 0173 0171 0162 1815 1793 6241 2448 0133 0677 
2434 0132 2443 6240 1792 1817 0163 0172 0681 2660 2278 0330 0188 0676 2231 2005 1885 2661 0539 2674 0727 0745 2456 1634 0938 2667 1684 0906 1185 2629 1672 2617 2618 2631 2620 2150 0903 0529 0859 0956 0924 1850 1831 0457 1408 2750 0799 0846 2028 1627 0828 2747 
Bus  260
0366 0355 1035 0418 2543 0638 0875 0888 0388 0347 2049 0766 0480 2224 2322 0037 2464 0829 
0829 2465 0038 2323 0483 0493 0765 2050 0346 0350 0391 0889 0876 0636 0392 1296 0366 
Bus  27
6430 0340 2116 0539 2674 0727 0745 2456 1634 0938 2667 1684 0906 1185 2150 0903 0529 0859 0956 0924 1850 1831 0457 1408 2203 2538 1576 1069 1129 2296 1545 
1545 2297 1128 1066 1575 2539 2200 1407 0459 1832 1851 0925 0955 0856 0528 0904 2151 1186 0905 1683 2666 0939 1633 2457 0744 0728 2664 0542 6430 
Bus  28
1546 1667 0979 0496 0696 2287 6166 1565 2094 0508 1554 0984 2544 0948 1557 1765 1367 1646 2340 1516 2341 1647 1366 1679 2416 2344 2183 2188 2345 2415 1680 0099 1124 0827 1626 2027 0841 0798 2749 0459 1832 1851 0925 0955 0857 1209 1003 1239 1286 2611 1536 1122 2350 0117 0438 1550 2348 
2348 1551 0439 0116 2349 1123 1534 2612 1285 1237 1004 1208 0858 0956 0924 1850 1831 0457 2748 0799 0846 2028 1627 0828 1125 0100 1679 2416 2344 2183 2188 2345 2415 1680 1367 1646 2340 1516 2341 1647 1366 1766 1559 0949 2545 0983 1555 0507 2095 1562 2286 2288 0695 0495 0978 1668 1546 
Bus  280
1697 0441 1287 2326 1696 0494 2352 0764 1740 0617 0800 1691 0524 1610 0533 0741 1606 1694 
1693 1609 0742 0534 1611 0530 1692 0801 0614 1743 0761 2351 0492 1258 1695 2327 1288 1697 1699 
Bus  285
0691 1910 2147 1947 2042 2223 0698 1311 1275 1327 2080 1114 2662 2808 1884 2004 2232 0044 0331 0334 0240 0594 
0594 0239 0333 2658 6217 0043 2231 2005 1885 2661 6430 2079 1328 0385 1998 1315 0701 1868 1864 2040 1946 1825 2204 2789 
Bus  288
2780 0912 2313 0976 2781 2849 0603 0124 0316 1032 2679 2351 0492 1260 2615 1155 0053 
0052 1151 2616 1259 0494 2352 2542 1033 0315 0123 2850 2782 2784 2780 
Bus  29
2672 0539 2456 1634 0938 2667 1684 0906 1185 2629 1672 2617 2618 2631 2620 2150 0903 0529 0857 1209 1003 1239 1656 2613 2818 0933 1370 2186 1511 
1511 2187 1371 0932 2614 1657 1237 1004 1208 0858 0528 0904 2151 2621 2632 2619 1549 1671 2630 1186 0905 1683 2666 0939 1633 2457 2670 2672 
Bus  294
1693 1609 0742 0534 1611 0530 1397 0316 1032 2679 
2679 0764 1740 0617 0800 1691 0524 1610 0533 0741 1606 1694 
Bus  3
1528 1089 0421 1230 0103 1473 0731 2267 0556 1624 0962 1335 1244 0505 0101 1428 0535 1503 1182 0830 2256 0777 1780 2643 1016 0086 0555 2593 1196 2327 1289 2601 
1903 1287 2326 1194 0554 0084 1017 1779 0778 2257 0831 1174 1504 0536 1427 0102 0506 1243 1334 0963 1625 0557 2266 0732 1474 0104 1229 0420 1088 1528 
Bus  30
1511 2187 1371 0932 2614 1657 1238 1286 1616 1002 0438 1550 2743 1675 2691 2722 0114 0681 6240 1792 1817 0871 
0874 1815 1793 6241 0678 0113 2723 2690 1676 2744 1551 0439 1005 1621 1285 1239 1656 2613 2818 0933 1370 2186 1511 
Bus  304
0611 0225 0189 0160 2739 2593 1196 2327 1289 1914 0401 0275 0308 2206 2689 0866 2848 2458 
1464 0868 2688 2213 0314 0268 0398 1913 1287 2326 1194 2740 0159 0190 0226 0612 
Bus  305
1327 1326 1278 1316 1859 0468 2071 1975 1492 2326 1696 1257 1194 2318 0217 0169 0167 1918 0193 0947 0005 0201 0665 1603 0991 
0990 1602 0666 0202 0004 0946 0194 1917 0168 0170 0218 2319 0555 2593 1196 1258 1695 2327 1489 1972 2070 0467 1857 1314 1275 1327 
Bus  309
0650 1388 1751 1140 1060 1783 0512 2167 2093 1251 2097 0328 0804 2087 0385 1998 1321 1312 2310 1945 0065 1747 0718 1385 
1385 0717 1748 0066 1944 2312 1318 1311 1999 0382 2082 0803 0325 2096 1253 2091 2166 0511 1781 1059 1141 1752 2385 1391 0649 
Bus  31
0874 1815 1793 6241 0678 0113 2723 2690 1676 2744 1551 0439 0116 2349 1123 1533 0985 1650 1518 
1519 1651 0986 1536 1122 2350 0117 0438 1550 2743 1675 2691 2722 0114 0681 6240 1792 1817 0871 
Bus  310
1311 1999 0382 2082 0803 0325 2096 1253 2092 0138 1912 2419 1107 1961 2793 0244 0241 2610 1705 1982 2133 0657 
0657 2132 1981 1704 2766 0242 0243 2794 1960 1108 2418 1911 0136 2093 1251 2097 0328 0804 2087 0385 1998 1321 1311 
Bus  314
1512 1118 1067 2547 0437 0734 2656 0408 1414 6264 2653 2651 2624 2649 2491 2374 2388 1759 0009 0004 0944 2276 0170 0246 0969 2471 0023 1400 2463 2678 0664 
0664 2677 0661 1401 0022 0968 0245 2742 2273 0947 0003 0008 1760 2389 2490 2648 2839 2650 2652 6429 1413 0409 2657 0733 0436 2546 1068 1117 1513 1512 
Bus  4
0661 1401 0022 0968 0245 0233 0247 2678 0161 1918 0193 0945 0667 1603 0988 2590 0204 0216 0125 1497 2257 0831 1174 1504 0536 1427 0102 0506 1243 1334 0962 
0962 1335 1244 0505 0101 1428 0535 1503 1182 0830 2256 1498 0122 0215 0203 2591 0989 1602 0668 0946 0194 0157 0158 0663 2677 0661 
Bus  404
1327 1326 0385 1278 1316 1859 1728 0466 1867 1846 1955 0109 0249 0139 2014 0369 2724 1984 2433 0373 0235 0142 2417 0178 2066 0015 1488 2409 0225 0078 
0077 0226 2408 1487 0014 2069 0176 0141 0236 2432 1985 0177 2647 2013 0140 0250 0105 1847 1866 0471 1725 1857 1314 1311 1275 1327 
Bus  413
2672 0542 6430 1328 1326 1278 1316 1859 0468 2071 1975 1492 1729 1496 1109 0630 2542 1033 0318 1396 1692 0801 1012 1589 2807 2678 0161 1918 2486 2488 0220 2490 2492 2494 
2495 2493 2491 0219 2489 2487 0157 0158 0663 2677 2806 1588 0800 1691 1397 0316 1032 2679 0627 1112 1493 1733 1489 1972 2070 0467 1857 1314 1275 1327 1114 2670 2672 
Bus  42
0982 1991 0869 1920 0445 1673 1424 1432 2787 0964 1943 2524 6298 2245 1620 2047 0842 1026 2218 2316 2198 1852 1482 1169 0908 2132 1981 1703 1715 1789 1054 1896 1891 2397 
2220 1889 1897 1057 1788 1716 1798 0653 0207 0907 1191 1477 1853 2199 2317 2219 1025 0843 2048 1619 2246 6297 0965 2786 1433 1425 1674 0446 1921 0870 1992 0982 
Bus  44
0840 2842 2844 1026 2218 2316 2317 2219 1025 2524 0844 0453 0106 1468 2225 1942 6298 0502 0051 
0050 0503 6297 1943 6347 6246 0107 0454 0845 2843 2841 0840 
Bus  46
0050 0503 6297 1943 2202 1643 0818 2496 6576 
6576 2497 0817 1642 2201 1942 6298 0502 0051 
Bus  47
0832 1119 1389 0432 1596 0958 1943 2524 0051 0502 0050 1618 0107 0454 0996 1024 0790 2307 1430 2520 1685 0771 0895 1751 1140 1061 
0050 1063 1141 1752 0896 0772 1686 2521 1431 2308 0789 1027 0997 0453 0106 1617 1403 0503 0957 1595 0431 1390 1120 0832 
Bus  49
0850 1084 1126 1167 2497 0817 1642 2201 2524 1942 6298 0502 0050 1618 0107 0454 0996 1024 0790 2307 1430 2520 1685 0771 0895 1751 1140 1061 
1063 1141 1752 0896 0772 1686 2521 1431 2308 0789 1027 0997 0453 0106 1617 1403 0503 6297 1943 2202 1643 0818 2496 1168 1127 1083 0850 
Bus  5
2405 2403 2801 2693 2401 1527 0961 1524 2358 2172 1652 1207 0048 1184 1467 1429 1091 0499 0971 1016 0086 0555 2593 1196 2795 1260 2615 1155 0053 
0052 1151 2616 1257 1194 0554 0084 1017 0970 0500 1090 1426 1466 1183 0049 1202 1653 2173 2359 1523 0952 1526 2402 2693 2800 2404 2405 
Bus  54
1063 1141 1752 0894 2527 1020 2501 1758 0704 0915 1907 2239 0934 2602 2502 2504 2506 
2603 2505 2503 2604 2605 2238 1906 0916 0705 1757 1106 1019 2765 1751 1140 1061 
Bus  56
0452 2226 1047 2573 2570 6742 1228 2289 0966 2735 1030 0417 1419 1085 1181 0942 2370 1681 1071 0433 0918 1876 1461 1670 1797 1548 
1547 1796 1669 1460 2384 0917 0434 1070 1682 2371 0943 1180 1086 1418 0416 1031 2734 0967 2290 1227 6743 2569 0281 1044 2229 0451 
Bus  58
0448 1509 1028 1481 1514 2411 1499 0994 1416 0521 1882 2174 2622 6035 
0853 2175 1883 0522 1417 0995 1500 2410 1515 1480 1029 1510 0448 
Bus  59
1786 2470 1677 1552 2499 2284 0572 1130 1509 1028 1481 1514 2411 1499 0994 1416 0521 1882 2174 6035 1309 1828 1923 0347 1845 0069 1566 0361 0813 
6089 0812 1567 0067 2050 0345 1922 1827 1310 0853 2175 1883 0522 1417 0995 1500 2410 1515 1480 1029 1510 1131 0573 2283 2498 1553 1678 2469 1786 
Bus  6
1517 0486 1037 2834 0430 0972 1429 1091 0499 0971 1016 0086 0555 2593 1196 2795 1260 2615 1155 0053 
0052 1151 2616 1257 1194 0554 0084 1017 0970 0500 1090 1426 0973 0425 2626 2833 1039 0487 1517 
Bus  60
2829 1114 2079 1328 1326 0377 2112 6407 0280 1976 1075 1157 0304 0292 1934 0635 0565 6038 2054 0095 0900 0041 0773 0347 1845 0069 1566 0813 0227 0231 2141 0192 0175 1708 0682 
0684 1706 0174 0191 2140 0232 0228 0812 1567 0067 2050 0346 0776 0042 2541 0098 2057 6037 0566 0631 1931 0293 0307 1156 1977 0287 6408 2113 0376 1994 6220 2829 
Bus  604
0760 1035 0418 2343 0268 1736 0398 1807 1913 1287 2326 1194 0554 0182 0128 1451 0604 1628 2369 0558 0235 0142 0145 1959 0028 1406 0825 
0825 1411 0024 1958 0143 0141 0559 2372 1629 0608 1455 0129 0184 2593 1196 2327 1289 1914 1808 0395 1739 0269 2342 0394 0760 
Bus  61
6567 6066 6568 6067 6432 6068 6569 1855 2450 0807 2213 0290 0314 0268 0395 
0395 0275 0308 2206 0808 2449 1854 6565 6063 6431 6064 6566 6065 2840 
Bus  63
1839 6567 6066 6568 6067 6432 6068 6569 1855 2450 0980 0810 1770 1833 1591 0807 1439 0263 1465 0591 1245 1875 2207 0288 0636 2423 2543 
2543 0638 0289 2208 1878 1246 0586 1464 0262 1448 0808 1592 1834 1767 0811 0981 2449 1839 1839 1854 6565 6063 6431 6064 6566 6065 2840 
Bus  64
2343 0275 1306 0308 2206 2689 0866 0262 1448 0808 1590 1836 0266 1377 0435 2152 2294 0531 0931 0413 1803 1791 2026 0835 6694 1177 0914 0783 2780 0912 2313 0976 0749 
2764 0977 2314 0909 2756 0786 0919 1176 2597 6695 0836 2025 1790 1802 0412 0930 0532 2295 2153 0429 1351 0265 1835 1591 0807 1439 0263 0868 2688 2213 0314 1301 0269 2342 2343 
Bus  66
2871 2699 2696 1216 1472 6738 6704 6694 1177 2780 0912 0749 
2764 0909 2756 2597 6695 6735 2641 1471 1217 2697 2698 2870 
Bus  67
0899 2285 0422 1713 1175 0659 2321 2382 0821 1076 0603 0124 0316 1032 2679 0627 1112 1493 1730 1568 
1568 2692 1729 1496 1109 0630 2542 1033 0315 0123 0602 1087 0822 2381 2320 0658 1172 1714 0427 2279 2838 
Bus  68

0909 2756 0786 0919 1176 2597 6695 6735 6754 0779 1484 1346 2279 2838 
Bus  69
2542 1033 0318 1396 1692 0801 1012 1607 0426 1816 2354 2304 1512 2331 2331 0415 1210 2823 1413 0409 2657 0733 0436 2546 1068 1117 1513 2832 1639 1508 0407 0072 1372 1008 0076 1530 1957 1662 1361 1104 2762 6617 6637 6618 2759 2760 
2760 2761 6619 6636 6620 2331 1105 1360 1661 2500 0936 0075 1007 1373 0071 1009 1507 1638 2831 1512 1118 1067 2547 0437 0734 2656 0408 1414 2824 1211 0414 2300 2353 1818 0761 0761 0423 1608 1015 0614 1743 2542 
Bus  6лблю
0874 0163 0172 2676 0681 2660 2278 0334 0222 0019 0002 1901 1763 0542 6430 2079 2830 1333 
1333 1327 2080 1114 0539 1764 2574 2578 0018 0221 0333 2280 2659 0678 0173 0171 0162 0871 
Bus  7
2803 2799 1660 1121 1527 0961 1524 2358 2172 1652 1207 0048 1184 1467 1429 1091 0499 0225 1449 1749 0515 0974 0033 0826 
0826 0034 0975 0520 1750 1450 0226 0500 1090 1426 1466 1183 0049 1202 1653 2173 2359 1523 0952 2412 2413 1150 2802 2803 
Bus  70
2542 1033 0318 1396 1692 0801 1012 1607 0426 1816 2354 2304 0415 1210 2823 1413 0409 2657 0733 0436 2546 1068 1117 1513 2832 1639 1508 0407 0072 1372 1008 0076 1530 1957 1662 1361 1104 1363 0999 0563 1399 0792 1133 1446 1787 1556 
1556 1787 1447 1132 0791 1398 0562 0998 1362 1105 1360 1661 2500 0936 0075 1007 1373 0071 1009 1507 1638 2831 1512 1118 1067 2547 0437 0734 2656 0408 1414 2824 1211 0414 2300 2353 1818 0423 1608 1015 0614 1743 2542 0761 
Bus  72
6742 2163 2146 0293 0307 1158 0419 1034 0444 0302 0398 1807 1913 1290 0440 2270 2258 2070 0466 1865 2368 1924 2189 1829 1973 0730 1905 0403 2324 
2325 0402 1904 0729 1974 1830 2367 1866 0468 2074 2259 2271 0442 1289 1914 1808 0395 0301 0443 1035 0418 0389 1157 0304 0292 2145 2162 6743 
Bus  73
6616 2678 0664 2677 0661 1401 0022 0447 0209 0237 1196 2327 1604 2777 2778 0909 2755 1801 2033 2008 1224 6278 6279 6564 2730 6088 0882 0098 0095 2606 2607 1845 0069 1566 0813 0227 0231 2141 0192 0175 1708 0682 
0684 1706 0174 0191 2140 0232 0228 0812 1567 0067 1844 2053 2037 0098 0094 0881 2210 2731 6275 6276 0490 1226 2010 2036 1800 2763 0912 2779 0206 1605 2869 2326 1194 0238 0210 2471 0023 1400 0662 
Bus  74
2830 1328 1326 0377 2112 0283 1295 0393 2343 0270 0626 2063 0309 2008 1224 0484 0599 
2861 0490 1226 2010 0310 2062 0623 0269 2342 0392 1300 0284 6408 2113 0376 1994 6220 1114 2079 2830 
Bus  75
1289 1290 0440 1728 0466 1867 1846 1955 0109 0249 0139 0687 0053 
0052 0690 0140 0250 0105 1847 1866 0471 1724 0442 1289 
Bus  76
0670 0224 1759 0213 0220 2373 0155 2753 1917 0168 0170 0218 2319 0555 2593 1196 2327 1395 1289 1914 1808 0401 1739 0270 0626 2063 0309 2008 1224 0484 2845 
0600 0490 1226 2010 0310 2062 0623 0268 1736 0398 1807 1913 1287 1394 2326 1194 2318 0217 0169 0167 1919 0154 2754 2374 0219 0214 1760 0223 0669 
Bus  77
6742 2163 2146 0296 0281 1044 2229 0451 2016 1968 1951 2116 6430 2079 1328 
1328 1326 0382 2081 2101 0323 1114 2115 1950 1971 2015 0452 2226 1047 0282 0292 2145 2162 6743 
Bus  78
1327 1326 1998 1316 1859 1102 0303 2107 1863 1615 1753 2125 0660 0126 6599 6600 0131 2181 2428 1583 1582 1812 1794 1092 0823 2459 
1338 0824 1093 1795 1811 1581 1580 2427 2180 0130 2182 0646 0180 0127 2124 1754 1613 1862 2108 1103 1856 0297 1965 1313 1311 1275 1327 
Bus  79
0913 1804 1065 0711 1841 1874 1476 1470 1291 2217 1862 2108 1103 1856 0297 1965 1313 1312 2310 1945 0065 1747 0718 1384 2519 1000 1723 0537 0549 0551 
0551 0550 0538 1722 1001 2143 1385 0717 1748 0066 1944 2312 1316 1859 1102 0303 2396 2215 1294 1469 1475 1870 1843 0712 1064 1805 0913 
Bus  8
1541 1232 2361 0714 0545 0544 1537 0940 2757 2244 0455 2726 2727 2728 2729 0820 0941 1538 1623 0112 1702 1640 0816 0525 1785 1101 0825 0034 0975 0520 1750 1450 0226 0498 2257 0831 1174 2833 1039 0487 1517 
1517 0486 1037 2834 2835 1182 0830 2255 0497 0225 1449 1749 0515 0974 0033 0826 1096 1784 0527 0814 1641 1701 0111 1622 6640 6641 0819 2725 2726 2727 2728 0456 2243 2758 6642 6643 0543 0548 0713 2360 1240 1542 
Bus  801
0867 6278 6279 2206 2689 1245 0890 0876 0638 
0638 0289 6088 2688 6276 0867 
Bus  803
2720 2719 2717 2715 2713 2711 0829 2708 2224 2846 
2846 2323 0483 2707 2709 2711 2710 2712 2714 2716 2718 2720 
Bus  804
2846 2323 0483 2706 6623 1848 0849 2119 2847 
2847 2120 6644 6621 6622 0480 2224 2846 
Bus  805
0912 2313 0976 2781 2381 2320 1606 1694 
1693 1609 0659 2321 2782 2784 2780 0912 
Bus  81
2565 2566 6652 0874 1815 1793 6241 2442 2064 1060 1060 1059 1141 1752 2385 1391 0153 0200 0654 0207 0907 1191 1477 1853 2346 1937 1379 1381 0959 0840 
0840 0960 1380 1378 1938 2347 1852 1482 1169 0908 0651 0197 0152 1388 1751 1140 1060 1062 2065 2443 6240 1792 1817 0871 6653 2562 2563 2564 2565 
Bus  82
1328 1326 0382 2081 2101 0323 1114 2115 1950 1971 2015 0752 0757 0195 0715 1199 2091 2166 0511 1781 1061 1782 0020 2272 1163 0153 0200 0654 0657 
0657 0651 0197 0152 1164 2277 0021 2357 1060 1783 0512 2167 2090 1200 0716 0196 0756 0753 2016 1968 1951 2116 6430 2079 1328 
Bus  83
1637 2457 0744 0728 1764 1898 1225 0329 6217 0043 2233 0675 2052 1199 2093 1251 2097 2250 1051 1248 2099 0292 1934 0635 0569 0079 0637 2134 0291 2088 2009 2036 0861 1800 2763 0912 2313 0976 0749 
2764 0977 2314 2755 1801 0860 2033 2011 2089 0290 2135 0641 0080 0564 0631 1931 0293 2098 1247 1050 2249 2096 1253 2090 1201 2051 0676 2232 0044 0332 1231 1899 1763 2674 0727 0745 2456 1637 
Bus  84
1903 1700 1287 1394 0074 1820 2326 1696 1194 0554 0182 0128 1451 1452 0091 2473 2797 2451 2452 2454 
2455 2453 1462 1006 1463 2798 2474 0090 1455 0129 0184 2593 1196 1695 2327 1819 0073 1395 1289 2601 
Bus  85
0691 1910 2147 1947 2042 2223 0698 1311 1275 1327 2080 1114 0539 1764 2574 2578 0018 0221 0240 0594 
0594 0239 0222 0019 0002 1901 1763 0542 6430 2079 1328 0385 1998 1315 0701 1868 1864 2040 1946 1825 2204 2789 
Bus  86
0081 0513 1861 1598 2157 0698 1311 1275 0382 2081 2101 0323 1114 2662 2809 2298 2811 0332 1231 1899 2274 0485 0151 0686 
0686 0148 0491 2275 1898 1225 2429 2812 2299 2810 2661 6430 0324 2105 2087 0385 1278 1315 0701 2156 1599 1860 0514 0081 
Bus  88
2764 0977 2314 2654 0344 0206 1605 2869 2191 0462 1343 2365 0316 1032 0764 1740 0617 1012 1589 2807 0248 0234 0218 2319 0182 0128 1451 0604 1632 0028 1406 0034 0975 0520 1750 1450 0226 1929 0612 
0611 1930 0225 1449 1749 0515 0974 0033 1411 0025 1629 0608 1455 0129 0184 2318 0217 0233 0247 2806 1588 1015 0614 1743 2542 1033 0317 2366 1342 0465 2190 1604 0205 0341 2860 0912 2313 0976 0749 
Bus  9
0047 0121 1587 2013 0687 6710 0719 2059 1824 2234 1489 0092 1972 2074 2259 2271 0442 1289 1903 
1903 1697 0441 2270 2258 2071 1975 6591 2235 1823 2060 0720 6709 0690 2014 1586 0120 2548 
Bus  90
0081 0513 2155 1826 1862 2821 2396 2215 1294 1469 1475 1870 2158 2131 2021 1583 2407 1434 1600 1097 1649 0788 2695 1658 1212 1080 2301 1522 0781 1769 2816 0950 2262 2375 1357 0993 2683 0504 
0504 2684 0992 1356 2376 2263 0951 2817 1768 0780 1520 2302 1079 1213 1659 2694 0787 1648 1098 1601 1435 1580 2024 2126 2161 1874 1476 1470 1291 2214 0166 2107 2822 1825 2154 1860 0514 0081 
Bus  94
1700 1289 1914 1808 0397 2329 1569 2191 0462 1343 2365 0318 1396 0524 1610 0533 0741 1606 1694 
1693 1609 0742 0534 1611 0530 1397 0317 2366 1342 0465 1574 2330 0396 1806 0927 1903 1700 1699 
Bus  98
2764 0977 2314 0909 2756 0786 0919 1176 2597 6695 6735 6754 0779 1484 1346 2279 0901 1041 0259 2378 1442 2269 1117 1513 2832 1639 1508 0407 0072 1372 1008 0076 0937 
0936 0075 1007 1373 0071 1009 1507 1638 2831 1512 1118 2268 1443 2377 0260 1040 0899 2285 1350 1483 0782 6734 6704 6694 1177 0914 0783 2780 0912 2313 0976 0749 
Bus  X10
0591 1245 1875 2210 2731 6275 2213 2206 2689 0866 0865 2623 2624 2649 2491 2753 0157 0158 0663 2677 0662 
6616 2678 0161 2752 2754 2490 2648 2625 1374 0864 1465 0591 
Bus  X9
2752 2754 2490 2648 2625 1374 0864 1171 0914 0783 2780 2654 0342 2039 0923 6614 1325 0648 
6639 1345 1322 6615 0922 2038 0343 2756 0786 0919 1176 1457 0865 2623 2624 2649 2491 0219 2489 2487 2752 
Tram 1
0625 0928 0010 0357 1135 0365 1281 1283 2826 1307 2336 1277 2002 1332 1255 1113 
1113 1254 1331 2665 2003 1276 2337 1308 2825 1284 1282 0364 1134 0356 0011 0929 0624 
Tram 10
0910 0342 2039 0923 0575 2046 1572 1879 1274 0387 0300 1909 1997 2825 1284 1270 2085 2076 1926 1050 2248 1949 2227 0622 
0621 2228 1948 2251 1051 1925 2075 2084 1269 1283 2826 1996 1908 0299 0386 1273 1880 1571 2045 0574 0922 2038 0343 0911 
Tram 11
0476 0375 1776 2115 1969 2420 2250 1051 1248 2099 0294 1932 0632 0567 2067 2055 0096 0880 0891 0348 2103 2261 0851 
0852 2260 2104 0349 0892 0879 0097 2056 2068 0568 0634 1933 0295 2098 1247 1050 2249 2421 1970 0359 1775 0374 0477 
Tram 12
1113 1254 1329 2003 1276 2337 1308 1996 1908 0299 0386 1273 
1274 0387 0300 1909 1997 1307 2336 1277 2002 1332 1255 1113 
Tram 15
0590 0640 2109 0693 0644 0274 0759 1299 1279 1283 2826 1996 1908 0299 0386 1273 1880 1571 2045 0574 0922 2038 0343 0911 
0910 0342 2039 0923 0575 2046 1572 1879 1274 0387 0300 1909 1997 2825 1284 1280 1298 0758 0273 0645 0694 2110 0639 0589 
Tram 18
1274 0387 0300 1909 1997 1307 2336 1277 2001 1939 2310 2333 0797 0885 
0886 0796 2332 2311 1940 2000 1276 2337 1308 1996 1908 0299 0386 1273 
Tram 20
0518 1594 0035 1410 0026 1631 0607 1453 1980 0368 1153 0597 0719 2059 1824 2234 1490 2072 0469 1822 1726 2169 0297 1116 1074 2335 0379 0383 1058 
1058 0384 0378 2334 1073 1115 0298 2168 1727 1821 0470 2073 1491 2235 1823 2060 0720 0595 1154 0367 1979 1454 0606 1630 0027 1409 0036 1593 0519 
Tram 21
0596 0719 2059 1824 2234 1490 2072 0469 1822 1726 2169 0297 1116 1074 2335 0379 0383 1058 
1058 0384 0378 2334 1073 1115 0298 2168 1727 1821 0470 2073 1491 2235 1823 2060 0720 2595 
0518 1594 0035 1410 0026 1631 0607 1453 1980 0368 1153 2595 
2595 1154 0367 1979 1454 0606 1630 0027 1409 0036 1593 0519 
Tram 22
2022 2129 2159 1872 0411 1292 0473 0469 1822 1726 2169 0297 1116 1074 2335 0379 0383 2083 2078 1928 1051 1248 2099 0294 1932 0632 
0633 1933 0295 2098 1247 1050 1927 2077 2086 0384 0378 2334 1073 1115 0298 2168 1727 1821 0470 0472 1293 0410 1873 2160 2130 2023 
0473 0470 2073 1491 2235 1823 2060 0720 0595 1154 0367 1979 1454 0606 1630 0027 1409 0036 1593 0519 
0518 1594 0035 1410 0026 1631 0607 1453 1980 0368 1153 0597 0719 2059 1824 2234 1490 2072 0469 0472 
Tram 23
6213 2588 2586 2584 2582 1410 0026 1631 0607 1453 1980 0368 1153 2595 
0596 1154 0367 1979 1454 0606 1630 0027 1409 2583 2585 2587 2589 2594 
Tram 27
0476 0375 1776 1254 1329 2003 1276 2337 1308 2825 1284 1282 0364 1134 0356 1737 0271 1304 0312 0672 2212 0581 
0582 2211 0671 0313 1305 0272 1738 0357 1135 0365 1281 1283 2826 1307 2336 1277 2002 1332 1255 1775 0374 0477 
Tram 3
0621 2228 1948 2251 1051 1925 2075 2084 1271 2113 0376 1994 1330 1329 2001 1939 2310 2333 0797 0885 
0886 0796 2332 2311 1940 2000 1332 1331 1993 0377 2112 1272 2085 2076 1926 1050 2248 1949 2227 0622 
Tram 4
0886 0796 2332 2311 1940 2000 1332 1331 1993 0377 2112 1280 1298 0758 0273 0645 0694 2110 0639 0589 0880 0891 0348 
0349 0892 0879 0590 0640 2109 0693 0644 0274 0759 1299 1279 2113 0376 1994 1330 1329 2001 1939 2310 2333 0797 0885 
Tram 5
0852 2260 2104 0349 0892 0879 0590 0640 2109 0693 0644 0274 0759 1299 1279 1283 1720 
1721 1284 1280 1298 0758 0273 0645 0694 2110 0639 0589 0880 0891 0348 2103 2261 0851 
Tram 6
0625 0928 0010 0357 1135 0365 1281 2113 0376 1994 1330 1255 1777 2663 
2477 1778 1254 1331 1993 0377 2112 1282 0364 1134 0356 0011 0929 0624 
Trolley 6TM
1333 1327 2080 1114 0539 1764 2574 2578 0018 0221 0333 2280 2659 0678 0173 0171 0162 0871 
0874 0163 0172 2676 0681 2660 2278 0334 0222 0019 0002 1901 1763 0542 6430 2079 2830 
Tram 7
0582 2211 0671 0313 1305 0272 1738 0357 1135 0365 1281 2113 0376 1994 1330 1255 1777 2663 
2477 1778 1254 1331 1993 0377 2112 1282 0364 1134 0356 1737 0271 1304 0312 0672 2212 0581 
Tram 8
0655 0108 0321 1711 1718 1056 0319 0335 1049 1046 0707 1165 0327 1925 2075 2084 1269 1283 1720 
1721 1284 1270 2085 2076 1926 0326 1166 0706 1045 1048 0336 0320 1055 1717 1712 0322 2398 0656 
Trolley 1
0646 0180 0127 2124 1754 1613 1862 2108 1103 1856 2012 1698 2827 1902 0926 1136 0366 0355 1035 6225 
0419 1034 0358 0363 1139 1806 0927 1903 1699 1241 1858 1102 0303 2107 1863 1615 1753 2125 2128 2182 0646 
Trolley 11
2116 6430 6008 6007 6005 0804 2087 0385 1998 1321 1319 1964 1242 1698 1287 1394 0074 1820 2326 1696 1257 1260 2615 1152 0370 1986 0256 0578 0235 0142 0144 0146 0516 0605 2424 
0517 0147 0143 0141 0236 0577 0257 0255 1983 0371 1151 2616 1695 2327 1819 0073 1395 1288 1699 1241 1965 1313 1311 1999 0382 2081 2102 0340 1881 
Trolley 2
0692 2222 2106 2041 1103 1856 2012 1698 2827 1902 0926 1136 0366 0355 1035 0418 2343 2804 1302 1936 2136 0032 0017 0165 2208 1878 1246 0588 
0587 1245 1875 2210 0164 0016 0031 0311 1935 1303 2805 2342 0419 1034 0358 0363 1139 1806 0927 1903 1699 1241 1858 1102 0303 2100 2040 2736 
Trolley 3
0646 0180 0127 2124 1754 1613 1862 2108 1103 1856 2012 1698 1287 1394 0074 1820 2326 1696 1257 1258 
1258 1695 2327 1819 0073 1395 1288 1699 1241 1858 1102 0303 2107 1863 1615 1753 2125 2128 2182 0646 
Trolley 4
0692 2222 2106 2041 1103 1856 2012 1698 1287 1394 0074 1820 2326 1696 1257 1260 2615 1152 0369 2724 1984 2433 0373 2740 0159 2417 0178 2066 0015 1488 2409 1929 0612 
0611 1930 2408 1487 0014 2069 0176 0160 2739 0372 2432 1985 0177 0371 1151 2616 1695 2327 1819 0073 1395 1288 1699 1241 1858 1102 0303 2100 2040 2736 
Trolley 5
1296 0363 1139 1806 0927 1903 1287 1394 0074 1820 2326 1696 1257 1260 2615 1152 0370 1986 0256 0578 0235 0142 0144 0146 0516 0605 2424 
0517 0147 0143 0141 0236 0577 0257 0255 1983 0371 1151 2616 1695 2327 1819 0073 1395 1288 2827 1902 0926 1136 0362 1297 
Trolley 6
1311 1999 0382 2082 0803 0325 2096 1253 2092 0137 1892 0006 1891 2221 1782 0020 2272 1163 0153 0200 0610 
0610 0651 0197 0152 1164 2277 0021 0406 2220 1890 0007 1893 2093 1251 2097 0328 0804 2087 0385 1998 1321 1311 
Trolley 7
0610 0652 1799 1719 1809 0253 0251 1894 1893 2093 1251 2097 0328 0804 2087 0385 1998 1321 1319 1964 1242 1698 2827 1902 0926 6331 0399 1325 1344 2379 2063 0309 2008 1224 0484 0599 
0600 0490 1226 2010 0310 2062 2380 0647 1324 0400 0396 1806 0927 1903 1699 1241 1965 1313 1311 1999 0382 2082 0803 0325 2096 1253 2092 0137 1892 1895 0252 0254 1810 1716 1798 0653 0610 
Trolley 8
0600 0490 1226 2010 0310 2062 0623 0269 2342 0419 1034 0358 0363 1139 1806 0927 1903 1699 1241 1965 1313 
1319 1964 1242 1698 2827 1902 0926 1136 0366 0355 1035 0418 2343 0270 0626 2063 0309 2008 1224 0484 0599 
Trolley 9
1318 2122 1962 1265 1502 1422 1136 0366 0355 1035 0418 2343 2804 1302 1936 2136 0032 0017 2767 
0580 0016 0031 0311 1935 1303 2805 2342 0419 1034 0358 0363 1139 1886 1423 1501 1264 1963 2121 2205 1939 1318 
